3.522747e+13 3.352878e+13 3.471180e+13 3.617174e+13
3.480943e+13 3.361327e+13 3.478330e+13 3.546334e+13
3.439723e+13 3.424942e+13 3.528917e+13 3.680373e+13
3.488372e+13 3.450136e+13 3.611423e+13 3.822260e+13
3.552116e+13 3.626026e+13 3.660267e+13 3.900104e+13
3.561546e+13 3.678955e+13 3.648752e+13 3.839295e+13
3.551864e+13 3.732880e+13 3.777854e+13 3.799394e+13
3.493670e+13 3.695687e+13 3.741860e+13 3.885866e+13
3.485701e+13 3.644478e+13 3.588477e+13 3.788960e+13
3.596390e+13 3.698719e+13 3.617157e+13 3.803412e+13
3.581984e+13 3.718951e+13 3.741600e+13 3.858003e+13
3.528581e+13 3.795224e+13 3.889694e+13 3.980159e+13
3.668936e+13 3.822758e+13 3.893248e+13 4.008751e+13
3.654688e+13 3.850920e+13 3.957694e+13 4.079987e+13
3.694894e+13 3.815582e+13 3.907159e+13 4.056291e+13
3.857387e+13 3.839088e+13 4.024032e+13 4.044939e+13
3.830007e+13 3.860727e+13 4.079347e+13 3.984752e+13
3.808459e+13 3.864561e+13 4.048297e+13 4.034405e+13
3.878265e+13 3.949017e+13 4.043816e+13 4.056650e+13
4.082217e+13 4.000300e+13 4.018579e+13 4.048857e+13
4.177384e+13 4.097795e+13 4.134126e+13 4.170082e+13
4.184500e+13 4.213654e+13 4.139695e+13 4.248860e+13
4.070302e+13 4.213333e+13 4.122575e+13 4.150398e+13
4.211820e+13 4.290893e+13 4.211110e+13 4.191650e+13
4.352945e+13 4.468278e+13 4.264506e+13 4.205200e+13
4.294006e+13 4.503050e+13 4.416910e+13 4.241945e+13
4.425255e+13 4.615807e+13 4.401374e+13 4.323596e+13
4.468644e+13 4.589964e+13 4.375592e+13 4.389049e+13
4.366684e+13 4.470333e+13 4.422604e+13 4.495285e+13
4.441501e+13 4.502032e+13 4.416448e+13 4.528388e+13
4.644179e+13 4.655075e+13 4.577929e+13 4.606183e+13
4.736140e+13 4.716850e+13 4.795066e+13 4.866394e+13
4.826321e+13 4.709588e+13 4.862921e+13 4.883295e+13
4.908654e+13 4.624044e+13 4.877571e+13 4.920773e+13
4.944027e+13 4.654938e+13 4.832289e+13 4.976522e+13
4.998016e+13 4.817501e+13 4.915680e+13 4.964868e+13
5.052697e+13 4.863492e+13 4.977990e+13 4.924141e+13
5.190016e+13 4.971013e+13 5.166266e+13 4.944834e+13
5.450308e+13 5.071628e+13 5.309376e+13 5.133658e+13
5.530095e+13 5.190107e+13 5.411842e+13 5.440953e+13
5.708944e+13 5.432309e+13 5.419629e+13 5.716254e+13
5.929375e+13 5.784072e+13 5.644256e+13 5.982486e+13
5.918336e+13 5.966423e+13 5.912202e+13 6.008948e+13
5.985538e+13 6.039979e+13 6.161045e+13 6.092444e+13
6.137802e+13 6.187797e+13 6.380302e+13 6.269931e+13
6.415924e+13 6.395836e+13 6.811017e+13 6.502217e+13
6.732401e+13 6.604794e+13 6.988708e+13 6.757335e+13
7.209052e+13 6.966618e+13 7.284478e+13 7.166710e+13
7.570237e+13 7.338917e+13 7.444052e+13 7.616780e+13
8.407907e+13 7.874230e+13 7.944770e+13 8.149691e+13
8.930492e+13 8.703719e+13 8.754294e+13 9.139718e+13
9.947029e+13 9.668859e+13 9.812793e+13 9.972612e+13
1.152482e+14 1.109368e+14 1.102199e+14 1.097241e+14
1.320221e+14 1.252718e+14 1.302661e+14 1.290402e+14
1.621203e+14 1.554602e+14 1.544097e+14 1.510511e+14
2.074336e+14 2.028461e+14 2.039173e+14 2.091342e+14
3.117318e+14 3.121442e+14 3.095203e+14 3.159199e+14
5.388458e+14 5.199239e+14 5.221684e+14 5.292282e+14
7.515074e+14 7.792979e+14 7.860519e+14 7.830378e+14
9.657530e+14 9.663097e+14 9.753561e+14 9.872175e+14
1.126112e+15 1.111526e+15 1.096454e+15 1.086552e+15
1.176328e+15 1.175702e+15 1.192394e+15 1.197895e+15
1.234705e+15 1.242572e+15 1.270893e+15 1.246743e+15
1.267168e+15 1.268526e+15 1.282766e+15 1.249047e+15
1.277667e+15 1.261560e+15 1.242293e+15 1.243032e+15
1.207549e+15 1.193653e+15 1.196473e+15 1.176232e+15
1.113115e+15 1.106822e+15 1.123653e+15 1.118311e+15
1.000515e+15 1.006249e+15 1.002443e+15 9.976560e+14
8.601062e+14 8.672555e+14 8.552694e+14 8.553659e+14
6.516308e+14 6.726206e+14 6.477374e+14 6.513631e+14
4.033682e+14 4.104884e+14 4.029601e+14 4.254337e+14
2.488447e+14 2.540204e+14 2.555883e+14 2.650355e+14
1.729144e+14 1.706539e+14 1.730526e+14 1.718280e+14
1.305350e+14 1.317906e+14 1.321265e+14 1.279646e+14
1.087187e+14 1.116044e+14 1.117202e+14 1.076392e+14
9.525451e+13 9.950706e+13 9.809834e+13 9.647079e+13
8.598757e+13 8.816388e+13 8.755961e+13 8.830813e+13
7.779295e+13 8.006268e+13 8.190109e+13 8.152370e+13
7.498424e+13 7.545127e+13 7.757340e+13 7.544209e+13
6.894528e+13 6.800476e+13 7.215613e+13 6.666716e+13
6.417500e+13 6.615803e+13 6.799781e+13 6.180385e+13
6.142428e+13 6.256064e+13 6.328456e+13 6.060920e+13
5.895227e+13 5.933235e+13 6.133774e+13 6.018703e+13
5.702218e+13 5.728611e+13 5.817801e+13 6.006883e+13
5.444272e+13 5.533417e+13 5.636987e+13 5.794367e+13
5.439048e+13 5.347645e+13 5.435687e+13 5.503656e+13
5.494251e+13 5.268102e+13 5.265656e+13 5.333232e+13
5.328179e+13 5.089979e+13 5.085903e+13 5.080273e+13
5.178103e+13 4.975622e+13 4.983889e+13 5.103820e+13
5.055068e+13 4.864508e+13 4.846795e+13 4.966528e+13
4.784804e+13 4.748614e+13 4.755689e+13 4.854106e+13
4.703513e+13 4.703346e+13 4.677317e+13 4.648020e+13
4.629968e+13 4.570380e+13 4.548591e+13 4.458844e+13
4.532887e+13 4.466429e+13 4.491159e+13 4.342892e+13
4.454976e+13 4.514959e+13 4.555088e+13 4.493252e+13
4.418368e+13 4.376957e+13 4.494499e+13 4.296148e+13
4.380885e+13 4.330189e+13 4.442163e+13 4.307447e+13
4.234322e+13 4.280851e+13 4.262564e+13 4.376780e+13
4.168911e+13 4.169724e+13 4.289010e+13 4.268152e+13
4.064532e+13 4.006757e+13 4.224996e+13 4.167238e+13
4.000462e+13 3.955166e+13 4.143243e+13 4.108487e+13
3.920294e+13 3.954737e+13 4.103423e+13 4.178573e+13
3.967403e+13 3.956787e+13 4.031852e+13 4.072615e+13
3.936788e+13 3.890572e+13 3.935298e+13 3.723369e+13
3.964024e+13 3.820677e+13 3.832246e+13 3.644556e+13
3.825134e+13 3.836795e+13 3.781810e+13 3.631653e+13
3.750336e+13 3.878186e+13 3.709005e+13 3.601566e+13
3.744059e+13 3.843103e+13 3.695895e+13 3.494732e+13
3.786528e+13 3.703478e+13 3.592826e+13 3.573900e+13
3.715367e+13 3.712803e+13 3.639888e+13 3.597013e+13
3.660503e+13 3.756121e+13 3.688991e+13 3.615956e+13
3.538167e+13 3.665233e+13 3.693655e+13 3.625261e+13
3.514289e+13 3.543365e+13 3.704208e+13 3.619775e+13
3.534987e+13 3.518714e+13 3.657231e+13 3.515782e+13
3.458284e+13 3.531291e+13 3.506301e+13 3.510442e+13
3.402188e+13 3.474095e+13 3.354066e+13 3.502144e+13
3.434925e+13 3.524337e+13 3.427585e+13 3.507930e+13
3.469337e+13 3.461113e+13 3.338284e+13 3.380883e+13
3.660459e+13 3.459154e+13 3.346952e+13 3.247767e+13
3.525722e+13 3.393558e+13 3.422890e+13 3.250893e+13
3.414600e+13 3.332352e+13 3.361662e+13 3.353784e+13
3.398346e+13 3.356979e+13 3.311733e+13 3.322643e+13
3.291641e+13 3.250867e+13 3.264144e+13 3.206867e+13
3.339578e+13 3.269985e+13 3.231756e+13 3.148132e+13
3.230312e+13 3.312087e+13 3.228709e+13 3.204751e+13
3.187075e+13 3.312030e+13 3.073908e+13 3.101488e+13
3.188060e+13 3.291649e+13 3.006661e+13 3.047273e+13
3.145613e+13 3.262308e+13 3.017418e+13 3.100044e+13
3.122600e+13 3.315029e+13 3.125555e+13 3.120854e+13
