2.845362e+13 2.522712e+13 2.590892e+13 2.616405e+13
2.785904e+13 2.543506e+13 2.630880e+13 2.599931e+13
2.817133e+13 2.595001e+13 2.596991e+13 2.584171e+13
2.811442e+13 2.605777e+13 2.582093e+13 2.545650e+13
2.810721e+13 2.582764e+13 2.582685e+13 2.556311e+13
2.802299e+13 2.631620e+13 2.656403e+13 2.661162e+13
2.834132e+13 2.689230e+13 2.714325e+13 2.680907e+13
2.887912e+13 2.697873e+13 2.750685e+13 2.698637e+13
2.881333e+13 2.717800e+13 2.773924e+13 2.789920e+13
2.849483e+13 2.733390e+13 2.851383e+13 2.871436e+13
2.908473e+13 2.771978e+13 2.877133e+13 2.905387e+13
2.862532e+13 2.791146e+13 2.885996e+13 2.860377e+13
2.934310e+13 2.822898e+13 2.913913e+13 2.855941e+13
2.932556e+13 2.857551e+13 2.920619e+13 2.929693e+13
2.962869e+13 2.880789e+13 2.907606e+13 2.908696e+13
3.022568e+13 2.900545e+13 2.947401e+13 2.889198e+13
3.007236e+13 2.939829e+13 2.964841e+13 2.971336e+13
3.139934e+13 2.993905e+13 2.976134e+13 2.999529e+13
3.170800e+13 3.049170e+13 3.017572e+13 3.088589e+13
3.122416e+13 3.089379e+13 3.050590e+13 3.129861e+13
3.122010e+13 3.195914e+13 3.088851e+13 3.033208e+13
3.178220e+13 3.253474e+13 3.097795e+13 3.085172e+13
3.136160e+13 3.220926e+13 3.082642e+13 3.056163e+13
3.185860e+13 3.252647e+13 3.115343e+13 3.132471e+13
3.265189e+13 3.311788e+13 3.199685e+13 3.240759e+13
3.381758e+13 3.357716e+13 3.195993e+13 3.285738e+13
3.359130e+13 3.377385e+13 3.237850e+13 3.423730e+13
3.411042e+13 3.411169e+13 3.288660e+13 3.497475e+13
3.454290e+13 3.471247e+13 3.352415e+13 3.463977e+13
3.483510e+13 3.499557e+13 3.440211e+13 3.521694e+13
3.549683e+13 3.514627e+13 3.507587e+13 3.509194e+13
3.582746e+13 3.617118e+13 3.617455e+13 3.455816e+13
3.527501e+13 3.686087e+13 3.697572e+13 3.502488e+13
3.659468e+13 3.802107e+13 3.768439e+13 3.633030e+13
3.634050e+13 3.899895e+13 3.860057e+13 3.747250e+13
3.772002e+13 3.928089e+13 3.892604e+13 3.747224e+13
3.920995e+13 3.937871e+13 3.952096e+13 3.692732e+13
3.948190e+13 4.003599e+13 4.027901e+13 3.810519e+13
3.966047e+13 4.076280e+13 4.105579e+13 3.960885e+13
4.084998e+13 4.133682e+13 4.215337e+13 4.047131e+13
4.175835e+13 4.149057e+13 4.303342e+13 4.035234e+13
4.281014e+13 4.270544e+13 4.311204e+13 4.211618e+13
4.422631e+13 4.400646e+13 4.520909e+13 4.494636e+13
4.573591e+13 4.664309e+13 4.715794e+13 4.571786e+13
4.815922e+13 4.847530e+13 4.911092e+13 4.737311e+13
5.097163e+13 5.090024e+13 5.176089e+13 4.923711e+13
5.380477e+13 5.313068e+13 5.497369e+13 4.948913e+13
5.737455e+13 5.672877e+13 5.655842e+13 5.273925e+13
6.188732e+13 5.950191e+13 5.923297e+13 5.733718e+13
6.401852e+13 6.398085e+13 6.357952e+13 5.951605e+13
7.042917e+13 7.019984e+13 7.065153e+13 6.929490e+13
7.800039e+13 7.797257e+13 7.890029e+13 7.678767e+13
8.586272e+13 8.855332e+13 9.094388e+13 8.659677e+13
9.916303e+13 1.053874e+14 1.072720e+14 1.001810e+14
1.263169e+14 1.288262e+14 1.299771e+14 1.266236e+14
1.673539e+14 1.704530e+14 1.722506e+14 1.719133e+14
2.474106e+14 2.598915e+14 2.589797e+14 2.563684e+14
4.004609e+14 4.135915e+14 4.096346e+14 4.195714e+14
5.808666e+14 5.792215e+14 5.638569e+14 5.782685e+14
6.872177e+14 6.947695e+14 6.915370e+14 6.997597e+14
7.585531e+14 7.657643e+14 7.744616e+14 7.747742e+14
8.457944e+14 8.357162e+14 8.373924e+14 8.284209e+14
8.685843e+14 8.476745e+14 8.473476e+14 8.453440e+14
8.868572e+14 8.600244e+14 8.637881e+14 8.810267e+14
8.556607e+14 8.463967e+14 8.813099e+14 8.632105e+14
8.423784e+14 8.303578e+14 8.570889e+14 8.487618e+14
8.121880e+14 8.052266e+14 8.144787e+14 8.024657e+14
7.426368e+14 7.376450e+14 7.581253e+14 7.557779e+14
6.522524e+14 6.341087e+14 6.483747e+14 6.549303e+14
5.092448e+14 5.028437e+14 5.266258e+14 5.217615e+14
3.455616e+14 3.472773e+14 3.531946e+14 3.446302e+14
2.236273e+14 2.257678e+14 2.246706e+14 2.189149e+14
1.544328e+14 1.562918e+14 1.594363e+14 1.541128e+14
1.228429e+14 1.209715e+14 1.233538e+14 1.181395e+14
1.045822e+14 1.002405e+14 1.024354e+14 9.870805e+13
9.257675e+13 8.712439e+13 8.705941e+13 8.908767e+13
8.169526e+13 7.716905e+13 7.681837e+13 7.669488e+13
7.314138e+13 7.015010e+13 7.140997e+13 7.184366e+13
6.748240e+13 6.450929e+13 6.616874e+13 6.731381e+13
6.229543e+13 6.091509e+13 6.128880e+13 6.402418e+13
5.651586e+13 5.690302e+13 5.728935e+13 5.899033e+13
5.452661e+13 5.496378e+13 5.341287e+13 5.307796e+13
5.096239e+13 5.201844e+13 5.160280e+13 5.200963e+13
4.840367e+13 4.887159e+13 4.896556e+13 4.939242e+13
4.680722e+13 4.725416e+13 4.707380e+13 4.763134e+13
4.622019e+13 4.650599e+13 4.621417e+13 4.553268e+13
4.471972e+13 4.474879e+13 4.459888e+13 4.481273e+13
4.444723e+13 4.323900e+13 4.289934e+13 4.364040e+13
4.379277e+13 4.269165e+13 4.126755e+13 4.195053e+13
4.316494e+13 4.166105e+13 4.058141e+13 4.054626e+13
4.209040e+13 4.051052e+13 4.006409e+13 3.981807e+13
4.192512e+13 4.076338e+13 3.870010e+13 3.917592e+13
4.060495e+13 3.888503e+13 3.718677e+13 3.807063e+13
3.996845e+13 3.727545e+13 3.690700e+13 3.627127e+13
3.796987e+13 3.673196e+13 3.639205e+13 3.533087e+13
3.686556e+13 3.617953e+13 3.496705e+13 3.561151e+13
3.568853e+13 3.537828e+13 3.431297e+13 3.581032e+13
3.473676e+13 3.480110e+13 3.433360e+13 3.507563e+13
3.434360e+13 3.432085e+13 3.374526e+13 3.456978e+13
3.295663e+13 3.389625e+13 3.442597e+13 3.410398e+13
3.284703e+13 3.393817e+13 3.415074e+13 3.370525e+13
3.289884e+13 3.352632e+13 3.353751e+13 3.433312e+13
3.195847e+13 3.210577e+13 3.258254e+13 3.345556e+13
3.173261e+13 3.139982e+13 3.277928e+13 3.289007e+13
3.196903e+13 3.100076e+13 3.270025e+13 3.239478e+13
3.138455e+13 3.088990e+13 3.238967e+13 3.216147e+13
3.110696e+13 3.075970e+13 3.124050e+13 3.214901e+13
3.179442e+13 3.042355e+13 3.056449e+13 3.007523e+13
3.178895e+13 3.014707e+13 3.048242e+13 2.922937e+13
3.150891e+13 3.008463e+13 3.065755e+13 2.945056e+13
3.079034e+13 2.954644e+13 3.066006e+13 2.905199e+13
3.077255e+13 2.972984e+13 3.061125e+13 2.929102e+13
3.074570e+13 2.939429e+13 3.038869e+13 2.936947e+13
2.991158e+13 2.904142e+13 2.971993e+13 2.807986e+13
2.959822e+13 2.891579e+13 2.988173e+13 2.809654e+13
3.059261e+13 2.879332e+13 2.925609e+13 2.784641e+13
3.034506e+13 2.915254e+13 2.946190e+13 2.834185e+13
3.089515e+13 2.925582e+13 2.882082e+13 2.812227e+13
2.956817e+13 2.890938e+13 2.791143e+13 2.729038e+13
2.864037e+13 2.827381e+13 2.806778e+13 2.672503e+13
2.828870e+13 2.830737e+13 2.785736e+13 2.750175e+13
2.822162e+13 2.890023e+13 2.780640e+13 2.696183e+13
2.843033e+13 2.871157e+13 2.762215e+13 2.589555e+13
2.773229e+13 2.869917e+13 2.755382e+13 2.596426e+13
2.753760e+13 2.882638e+13 2.698738e+13 2.555418e+13
2.720398e+13 2.814251e+13 2.652122e+13 2.512070e+13
2.682291e+13 2.800996e+13 2.676972e+13 2.479968e+13
2.624932e+13 2.810057e+13 2.636632e+13 2.351293e+13
2.736930e+13 2.826775e+13 2.622103e+13 2.418428e+13
