0.000000e+00 0.000000e+00 0.000000e+00 0.000000e+00
0.000000e+00 0.000000e+00 0.000000e+00 0.000000e+00
0.000000e+00 0.000000e+00 0.000000e+00 0.000000e+00
0.000000e+00 0.000000e+00 0.000000e+00 0.000000e+00
0.000000e+00 0.000000e+00 0.000000e+00 0.000000e+00
0.000000e+00 0.000000e+00 0.000000e+00 0.000000e+00
0.000000e+00 0.000000e+00 0.000000e+00 0.000000e+00
0.000000e+00 0.000000e+00 0.000000e+00 0.000000e+00
0.000000e+00 0.000000e+00 0.000000e+00 0.000000e+00
0.000000e+00 0.000000e+00 0.000000e+00 0.000000e+00
0.000000e+00 0.000000e+00 0.000000e+00 0.000000e+00
0.000000e+00 0.000000e+00 0.000000e+00 0.000000e+00
0.000000e+00 0.000000e+00 0.000000e+00 0.000000e+00
0.000000e+00 0.000000e+00 0.000000e+00 0.000000e+00
0.000000e+00 0.000000e+00 0.000000e+00 0.000000e+00
0.000000e+00 0.000000e+00 0.000000e+00 0.000000e+00
0.000000e+00 0.000000e+00 0.000000e+00 0.000000e+00
0.000000e+00 0.000000e+00 0.000000e+00 0.000000e+00
0.000000e+00 0.000000e+00 0.000000e+00 0.000000e+00
0.000000e+00 0.000000e+00 0.000000e+00 0.000000e+00
0.000000e+00 0.000000e+00 0.000000e+00 0.000000e+00
0.000000e+00 0.000000e+00 0.000000e+00 0.000000e+00
0.000000e+00 0.000000e+00 0.000000e+00 0.000000e+00
0.000000e+00 0.000000e+00 0.000000e+00 0.000000e+00
0.000000e+00 0.000000e+00 0.000000e+00 0.000000e+00
0.000000e+00 0.000000e+00 0.000000e+00 0.000000e+00
0.000000e+00 0.000000e+00 0.000000e+00 0.000000e+00
0.000000e+00 0.000000e+00 0.000000e+00 0.000000e+00
0.000000e+00 0.000000e+00 0.000000e+00 0.000000e+00
0.000000e+00 0.000000e+00 0.000000e+00 0.000000e+00
0.000000e+00 0.000000e+00 0.000000e+00 0.000000e+00
0.000000e+00 0.000000e+00 0.000000e+00 0.000000e+00
0.000000e+00 0.000000e+00 0.000000e+00 0.000000e+00
0.000000e+00 0.000000e+00 0.000000e+00 0.000000e+00
0.000000e+00 0.000000e+00 0.000000e+00 0.000000e+00
0.000000e+00 0.000000e+00 0.000000e+00 0.000000e+00
0.000000e+00 0.000000e+00 0.000000e+00 0.000000e+00
0.000000e+00 0.000000e+00 0.000000e+00 0.000000e+00
0.000000e+00 0.000000e+00 0.000000e+00 0.000000e+00
0.000000e+00 0.000000e+00 0.000000e+00 0.000000e+00
0.000000e+00 0.000000e+00 0.000000e+00 0.000000e+00
0.000000e+00 0.000000e+00 0.000000e+00 0.000000e+00
0.000000e+00 0.000000e+00 0.000000e+00 0.000000e+00
1.620332e+08 3.695683e+08 4.160509e+08 3.509718e+08
2.841309e+09 3.231067e+09 3.685027e+09 2.912751e+09
1.739804e+10 2.266163e+10 2.603034e+10 2.214560e+10
1.185040e+11 1.215287e+11 1.244133e+11 1.207842e+11
4.611473e+11 4.794133e+11 4.829966e+11 4.926419e+11
1.458474e+12 1.484790e+12 1.503567e+12 1.517474e+12
4.247476e+12 4.234105e+12 4.248337e+12 4.259216e+12
1.124608e+13 1.112960e+13 1.118290e+13 1.116834e+13
2.532293e+13 2.533194e+13 2.538239e+13 2.534922e+13
4.856270e+13 4.874672e+13 4.887136e+13 4.904786e+13
8.247008e+13 8.276926e+13 8.287809e+13 8.251357e+13
1.346570e+14 1.347022e+14 1.347173e+14 1.343916e+14
2.312053e+14 2.315661e+14 2.318189e+14 2.325714e+14
4.523644e+14 4.535269e+14 4.553132e+14 4.575366e+14
9.015030e+14 9.005169e+14 9.025997e+14 9.076214e+14
1.338120e+15 1.344938e+15 1.351080e+15 1.356769e+15
1.649598e+15 1.653363e+15 1.660866e+15 1.667301e+15
1.878014e+15 1.873560e+15 1.870322e+15 1.868305e+15
2.012879e+15 2.013554e+15 2.018510e+15 2.020171e+15
2.092650e+15 2.097584e+15 2.104388e+15 2.103825e+15
2.138585e+15 2.135404e+15 2.133857e+15 2.134608e+15
2.119039e+15 2.113648e+15 2.110253e+15 2.111814e+15
2.035365e+15 2.035188e+15 2.037782e+15 2.036976e+15
1.911335e+15 1.917948e+15 1.924664e+15 1.924960e+15
1.738382e+15 1.743449e+15 1.750344e+15 1.753440e+15
1.500195e+15 1.498789e+15 1.499867e+15 1.504609e+15
1.155644e+15 1.161129e+15 1.163138e+15 1.164213e+15
6.997174e+14 7.042959e+14 7.079529e+14 7.111520e+14
3.487045e+14 3.506850e+14 3.531885e+14 3.542355e+14
1.902738e+14 1.910450e+14 1.917292e+14 1.913819e+14
1.155198e+14 1.155088e+14 1.151750e+14 1.149748e+14
7.327671e+13 7.320320e+13 7.303980e+13 7.272364e+13
4.466335e+13 4.471435e+13 4.462140e+13 4.422915e+13
2.400994e+13 2.405827e+13 2.409148e+13 2.395277e+13
1.098133e+13 1.100815e+13 1.101811e+13 1.107277e+13
4.308003e+12 4.332302e+12 4.352832e+12 4.376742e+12
1.575665e+12 1.579356e+12 1.577101e+12 1.558680e+12
5.234818e+11 5.196207e+11 5.029727e+11 4.971121e+11
1.365508e+11 1.314273e+11 1.299234e+11 1.357284e+11
2.437718e+10 2.353902e+10 2.405522e+10 2.290739e+10
3.365115e+09 4.211718e+09 3.901067e+09 2.888710e+09
6.446530e+08 5.592208e+08 3.586385e+08 2.137014e+08
2.980357e+07 9.306414e+06 0.000000e+00 0.000000e+00
0.000000e+00 0.000000e+00 0.000000e+00 0.000000e+00
0.000000e+00 0.000000e+00 0.000000e+00 0.000000e+00
0.000000e+00 0.000000e+00 0.000000e+00 0.000000e+00
0.000000e+00 0.000000e+00 0.000000e+00 0.000000e+00
0.000000e+00 0.000000e+00 0.000000e+00 0.000000e+00
0.000000e+00 0.000000e+00 0.000000e+00 0.000000e+00
0.000000e+00 0.000000e+00 0.000000e+00 0.000000e+00
0.000000e+00 0.000000e+00 0.000000e+00 0.000000e+00
0.000000e+00 0.000000e+00 0.000000e+00 0.000000e+00
0.000000e+00 0.000000e+00 0.000000e+00 0.000000e+00
0.000000e+00 0.000000e+00 0.000000e+00 0.000000e+00
0.000000e+00 0.000000e+00 0.000000e+00 0.000000e+00
0.000000e+00 0.000000e+00 0.000000e+00 0.000000e+00
0.000000e+00 0.000000e+00 0.000000e+00 0.000000e+00
0.000000e+00 0.000000e+00 0.000000e+00 0.000000e+00
0.000000e+00 0.000000e+00 0.000000e+00 0.000000e+00
0.000000e+00 0.000000e+00 0.000000e+00 0.000000e+00
0.000000e+00 0.000000e+00 0.000000e+00 0.000000e+00
0.000000e+00 0.000000e+00 0.000000e+00 0.000000e+00
0.000000e+00 0.000000e+00 0.000000e+00 0.000000e+00
0.000000e+00 0.000000e+00 0.000000e+00 0.000000e+00
0.000000e+00 0.000000e+00 0.000000e+00 0.000000e+00
0.000000e+00 0.000000e+00 0.000000e+00 0.000000e+00
0.000000e+00 0.000000e+00 0.000000e+00 0.000000e+00
0.000000e+00 0.000000e+00 0.000000e+00 0.000000e+00
0.000000e+00 0.000000e+00 0.000000e+00 0.000000e+00
0.000000e+00 0.000000e+00 0.000000e+00 0.000000e+00
0.000000e+00 0.000000e+00 0.000000e+00 0.000000e+00
0.000000e+00 0.000000e+00 0.000000e+00 0.000000e+00
0.000000e+00 0.000000e+00 0.000000e+00 0.000000e+00
0.000000e+00 0.000000e+00 0.000000e+00 0.000000e+00
0.000000e+00 0.000000e+00 0.000000e+00 0.000000e+00
0.000000e+00 0.000000e+00 0.000000e+00 0.000000e+00
0.000000e+00 0.000000e+00 0.000000e+00 0.000000e+00
0.000000e+00 0.000000e+00 0.000000e+00 0.000000e+00
0.000000e+00 0.000000e+00 0.000000e+00 0.000000e+00
0.000000e+00 0.000000e+00 0.000000e+00 0.000000e+00
0.000000e+00 0.000000e+00 0.000000e+00 0.000000e+00
0.000000e+00 0.000000e+00 0.000000e+00 0.000000e+00
0.000000e+00 0.000000e+00 0.000000e+00 0.000000e+00
0.000000e+00 0.000000e+00 0.000000e+00 0.000000e+00
0.000000e+00 0.000000e+00 0.000000e+00 0.000000e+00
0.000000e+00 0.000000e+00 0.000000e+00 0.000000e+00
