0.000000e+00 -0.000000e+00 -0.000000e+00 0.000000e+00
-3.882911e+00 -1.436611e+01 -2.484931e+01 -3.533250e+01
-1.541399e+01 -2.742706e+01 -3.944013e+01 -5.145320e+01
-1.934116e+01 -2.557206e+01 -3.180296e+01 -3.803387e+01
-2.969823e+01 -2.638487e+01 -2.307150e+01 -1.975814e+01
-3.949126e+01 -2.535738e+01 -1.122350e+01 2.910376e+00
-2.852282e+01 -1.774181e+01 -6.960796e+00 3.820218e+00
-1.764610e+01 -1.922274e+01 -2.079939e+01 -2.237604e+01
-9.371673e+00 -1.405354e+01 -1.873540e+01 -2.341726e+01
-2.022004e+01 -1.632917e+01 -1.243830e+01 -8.547432e+00
-3.682330e+01 -2.861755e+01 -2.041181e+01 -1.220607e+01
-1.301035e+01 -1.058049e+01 -8.150630e+00 -5.720769e+00
-1.172743e+01 -1.072865e+01 -9.729869e+00 -8.731088e+00
-8.171776e+00 -8.558608e+00 -8.945440e+00 -9.332272e+00
6.039599e+00 -3.656721e+00 -1.335304e+01 -2.304936e+01
1.924083e+01 4.116992e+00 -1.100685e+01 -2.613068e+01
-2.755496e+01 -1.976226e+01 -1.196956e+01 -4.176860e+00
-1.307987e+00 -5.650413e+00 -9.992838e+00 -1.433526e+01
4.773080e+01 2.639045e+01 5.050095e+00 -1.629026e+01
2.666871e+01 1.705975e+01 7.450800e+00 -2.158153e+00
1.399673e+00 1.269598e+01 2.399229e+01 3.528861e+01
-1.477070e+01 3.982683e+00 2.273607e+01 4.148945e+01
-2.718274e+01 -5.761454e+00 1.565983e+01 3.708111e+01
-1.365547e+01 -3.606678e+00 6.442116e+00 1.649091e+01
-3.153742e+01 -7.696711e+00 1.614400e+01 3.998471e+01
-5.458383e+01 -2.893522e+01 -3.286609e+00 2.236200e+01
-2.684301e+01 -1.548971e+01 -4.136398e+00 7.216910e+00
-4.232671e+00 5.258999e+00 1.475067e+01 2.424234e+01
2.755789e+01 2.598382e+01 2.440974e+01 2.283567e+01
2.288970e+01 1.519147e+01 7.493239e+00 -2.049918e-01
1.560541e+00 2.011568e-02 -1.520309e+00 -3.060734e+00
-3.475639e+01 -2.140763e+01 -8.058859e+00 5.289908e+00
-1.399160e+01 -2.676764e+01 -3.954368e+01 -5.231972e+01
-1.244875e+01 -2.484525e+01 -3.724175e+01 -4.963824e+01
1.054024e+01 -5.139458e+00 -2.081916e+01 -3.649885e+01
3.693387e+01 3.074226e+01 2.455064e+01 1.835903e+01
3.134611e+01 2.827501e+01 2.520390e+01 2.213280e+01
1.250338e+01 6.677385e+00 8.513870e-01 -4.974611e+00
-1.522305e+01 -2.634066e+01 -3.745827e+01 -4.857588e+01
-1.436755e+01 -2.510005e+01 -3.583255e+01 -4.656504e+01
-2.040106e+01 -2.297206e+01 -2.554306e+01 -2.811406e+01
-3.221165e+01 -2.353749e+01 -1.486333e+01 -6.189172e+00
-3.135975e+01 -2.699351e+01 -2.262726e+01 -1.826101e+01
-3.623697e+01 -2.597906e+01 -1.572116e+01 -5.463248e+00
3.296232e+00 -6.934650e+00 -1.716553e+01 -2.739641e+01
1.392929e+01 1.417658e+01 1.442386e+01 1.467115e+01
8.041983e+00 1.342077e+01 1.879955e+01 2.417834e+01
3.739073e+01 3.209378e+01 2.679683e+01 2.149988e+01
3.147490e+01 3.216366e+01 3.285242e+01 3.354118e+01
3.496405e+00 1.183627e+01 2.017614e+01 2.851601e+01
-3.249754e+01 -9.677575e+00 1.314239e+01 3.596236e+01
-3.103333e+01 -1.229734e+01 6.438662e+00 2.517466e+01
-3.347078e+01 -2.078909e+01 -8.107390e+00 4.574306e+00
2.657007e+01 1.885180e+01 1.113354e+01 3.415267e+00
7.244359e+01 3.790414e+01 3.364688e+00 -3.117476e+01
-5.631388e+00 -8.309331e+00 -1.098727e+01 -1.366522e+01
-7.706068e+01 -5.171799e+01 -2.637530e+01 -1.032613e+00
-5.862658e+01 -4.734486e+01 -3.606315e+01 -2.478143e+01
-1.815389e+01 -1.481020e+01 -1.146652e+01 -8.122830e+00
-4.232661e+00 -4.250716e+01 -8.078167e+01 -1.190562e+02
5.161067e+01 1.352493e+01 -2.456082e+01 -6.264656e+01
4.064445e+01 1.199557e+01 -1.665332e+01 -4.530220e+01
3.953642e+01 2.225669e+01 4.976954e+00 -1.230278e+01
-6.765941e+00 8.447742e+00 2.366143e+01 3.887511e+01
-1.695455e+01 2.676106e+00 2.230676e+01 4.193741e+01
1.308597e+02 6.568915e+01 5.185762e-01 -6.465200e+01
1.662704e+02 9.121394e+01 1.615746e+01 -5.889902e+01
8.103431e+01 3.153452e+01 -1.796526e+01 -6.746505e+01
5.074490e+01 1.604334e+01 -1.865822e+01 -5.335978e+01
-3.724748e+01 -3.083195e+01 -2.441642e+01 -1.800089e+01
1.220671e+00 -2.710195e+01 -5.542457e+01 -8.374719e+01
2.760985e+01 1.299496e-01 -2.734995e+01 -5.482985e+01
-4.846013e+01 -2.372863e+01 1.002868e+00 2.573437e+01
-6.183863e+00 -3.784508e+00 -1.385154e+00 1.014201e+00
1.203395e+01 6.188586e+00 3.432200e-01 -5.502146e+00
-1.555315e+01 6.634931e-01 1.688013e+01 3.309677e+01
2.628958e+01 1.728610e+01 8.282627e+00 -7.208483e-01
5.841006e+00 2.011870e+00 -1.817265e+00 -5.646400e+00
-2.103127e+01 -1.374007e+01 -6.448864e+00 8.423370e-01
-2.494967e+00 -2.048525e+00 -1.602082e+00 -1.155639e+00
-8.722768e+00 -7.514718e+00 -6.306668e+00 -5.098618e+00
1.528923e+01 4.863630e+00 -5.561974e+00 -1.598758e+01
3.378174e+01 2.541297e+01 1.704420e+01 8.675425e+00
2.869125e+01 2.050026e+01 1.230927e+01 4.118281e+00
-1.743789e+00 5.766544e-01 2.897097e+00 5.217540e+00
-8.738211e+00 -8.221602e+00 -7.704993e+00 -7.188384e+00
-4.060413e+01 -3.331153e+01 -2.601893e+01 -1.872633e+01
-2.119646e+01 -2.162517e+01 -2.205387e+01 -2.248258e+01
-1.710947e+01 -1.327162e+01 -9.433775e+00 -5.595926e+00
-1.493382e+01 -1.865821e+00 1.120217e+01 2.427017e+01
-1.675426e+01 -4.635700e+00 7.482863e+00 1.960143e+01
-2.475805e+01 -6.353495e+00 1.205106e+01 3.045561e+01
-1.716956e+01 -8.122061e+00 9.254429e-01 9.972947e+00
1.148300e+01 7.686905e+00 3.890807e+00 9.470816e-02
1.757771e+01 1.460071e+01 1.162372e+01 8.646720e+00
6.336613e+00 1.505786e+01 2.377911e+01 3.250035e+01
2.076427e+00 9.420113e+00 1.676380e+01 2.410749e+01
-8.328620e+00 6.131589e+00 2.059180e+01 3.505201e+01
3.478593e-01 4.494945e+00 8.642031e+00 1.278912e+01
2.293218e+01 1.183068e+01 7.291780e-01 -1.037232e+01
-7.224570e+00 -1.732268e+00 3.760033e+00 9.252335e+00
-3.672055e+01 -2.065713e+01 -4.593704e+00 1.146972e+01
-3.666309e+01 -1.371033e+01 9.242420e+00 3.219517e+01
-2.675552e+01 -1.612085e+01 -5.486171e+00 5.148504e+00
-7.633966e+00 -7.651021e+00 -7.668076e+00 -7.685131e+00
6.486841e+00 3.860120e-01 -5.714817e+00 -1.181565e+01
1.695110e+01 8.691895e+00 4.326907e-01 -7.826514e+00
6.743220e+00 1.708342e+01 2.742362e+01 3.776383e+01
1.731671e+01 1.569089e+01 1.406506e+01 1.243923e+01
-7.624208e-01 7.374605e+00 1.551163e+01 2.364866e+01
1.008834e+01 1.518838e+01 2.028843e+01 2.538848e+01
-3.135520e+00 8.094796e+00 1.932511e+01 3.055543e+01
-2.359978e+01 -1.227956e+01 -9.593513e-01 1.036086e+01
-2.013218e+01 -1.590840e+01 -1.168462e+01 -7.460841e+00
-1.753038e+01 -8.650606e+00 2.291676e-01 9.108941e+00
-1.091407e+01 -4.501889e+00 1.910291e+00 8.322471e+00
3.014355e-01 6.101999e+00 1.190256e+01 1.770312e+01
7.853884e+00 7.468878e+00 7.083872e+00 6.698866e+00
2.730127e+01 1.432077e+01 1.340261e+00 -1.164025e+01
2.458477e+01 1.065538e+01 -3.274002e+00 -1.720339e+01
-2.033339e+00 -8.854040e+00 -1.567474e+01 -2.249544e+01
-2.078731e+01 -2.129129e+01 -2.179526e+01 -2.229924e+01
-1.091373e+01 -5.909337e+00 -9.049434e-01 4.099450e+00
-1.194032e+00 4.687059e+00 1.056815e+01 1.644924e+01
-1.367414e+01 -4.136754e+00 5.400632e+00 1.493802e+01
-1.670066e+01 -2.842680e+00 1.101530e+01 2.487329e+01
7.656561e+00 3.984564e+00 3.125674e-01 -3.359430e+00
1.223586e+01 7.432247e+00 2.628639e+00 -2.174969e+00
0.000000e+00 -0.000000e+00 -0.000000e+00 0.000000e+00
