-4.840668e+04 -4.840777e+04 -4.845033e+04 -4.847969e+04
-4.782333e+04 -4.782797e+04 -4.785075e+04 -4.786741e+04
-4.723997e+04 -4.724817e+04 -4.725118e+04 -4.725512e+04
-4.664482e+04 -4.664842e+04 -4.664378e+04 -4.663205e+04
-4.602960e+04 -4.603010e+04 -4.602938e+04 -4.600952e+04
-4.540239e+04 -4.540340e+04 -4.539374e+04 -4.538729e+04
-4.477828e+04 -4.478046e+04 -4.477214e+04 -4.479003e+04
-4.416367e+04 -4.415951e+04 -4.415998e+04 -4.417129e+04
-4.356381e+04 -4.356239e+04 -4.356092e+04 -4.355403e+04
-4.294683e+04 -4.295497e+04 -4.296139e+04 -4.295664e+04
-4.233290e+04 -4.232933e+04 -4.232715e+04 -4.232504e+04
-4.170687e+04 -4.169625e+04 -4.168898e+04 -4.168556e+04
-4.104472e+04 -4.103957e+04 -4.104270e+04 -4.104036e+04
-4.040070e+04 -4.039376e+04 -4.039363e+04 -4.039739e+04
-3.978138e+04 -3.977870e+04 -3.976871e+04 -3.978076e+04
-3.913771e+04 -3.915183e+04 -3.915381e+04 -3.915045e+04
-3.851574e+04 -3.851665e+04 -3.852551e+04 -3.851564e+04
-3.792229e+04 -3.789517e+04 -3.787614e+04 -3.787815e+04
-3.723916e+04 -3.723641e+04 -3.721645e+04 -3.721896e+04
-3.654203e+04 -3.656350e+04 -3.655573e+04 -3.654456e+04
-3.585984e+04 -3.587868e+04 -3.587292e+04 -3.586340e+04
-3.517450e+04 -3.518583e+04 -3.519296e+04 -3.519416e+04
-3.451530e+04 -3.450940e+04 -3.452289e+04 -3.452569e+04
-3.382105e+04 -3.381949e+04 -3.382298e+04 -3.381901e+04
-3.309179e+04 -3.310893e+04 -3.311712e+04 -3.311866e+04
-3.237941e+04 -3.237868e+04 -3.238721e+04 -3.239896e+04
-3.166631e+04 -3.163926e+04 -3.163211e+04 -3.162122e+04
-3.093398e+04 -3.091166e+04 -3.089251e+04 -3.088312e+04
-3.018028e+04 -3.017103e+04 -3.017034e+04 -3.017829e+04
-2.940000e+04 -2.940645e+04 -2.942596e+04 -2.943238e+04
-2.861087e+04 -2.863381e+04 -2.864747e+04 -2.864936e+04
-2.783736e+04 -2.784045e+04 -2.786415e+04 -2.787847e+04
-2.706411e+04 -2.705692e+04 -2.706755e+04 -2.708610e+04
-2.628221e+04 -2.628042e+04 -2.626058e+04 -2.626169e+04
-2.553253e+04 -2.551606e+04 -2.547694e+04 -2.545427e+04
-2.473997e+04 -2.472199e+04 -2.470656e+04 -2.467597e+04
-2.386113e+04 -2.386356e+04 -2.388519e+04 -2.388726e+04
-2.296354e+04 -2.298594e+04 -2.301816e+04 -2.304860e+04
-2.208807e+04 -2.210344e+04 -2.211985e+04 -2.214012e+04
-2.122626e+04 -2.123233e+04 -2.122289e+04 -2.122042e+04
-2.033714e+04 -2.034420e+04 -2.033558e+04 -2.032323e+04
-1.941307e+04 -1.940926e+04 -1.941709e+04 -1.940635e+04
-1.844901e+04 -1.844828e+04 -1.845145e+04 -1.844914e+04
-1.746433e+04 -1.745770e+04 -1.744428e+04 -1.745223e+04
-1.644659e+04 -1.643000e+04 -1.640643e+04 -1.639986e+04
-1.536281e+04 -1.536128e+04 -1.534246e+04 -1.532532e+04
-1.423725e+04 -1.423360e+04 -1.421933e+04 -1.422123e+04
-1.302663e+04 -1.302006e+04 -1.300789e+04 -1.300601e+04
-1.173939e+04 -1.174865e+04 -1.175964e+04 -1.175527e+04
-1.041167e+04 -1.043035e+04 -1.045351e+04 -1.045006e+04
-8.989768e+03 -8.995119e+03 -9.013901e+03 -9.008856e+03
-7.455085e+03 -7.450669e+03 -7.466197e+03 -7.471919e+03
-5.815526e+03 -5.792156e+03 -5.784377e+03 -5.787461e+03
-4.110715e+03 -4.080867e+03 -4.052021e+03 -4.069394e+03
-2.479008e+03 -2.498264e+03 -2.506169e+03 -2.520384e+03
-1.225617e+03 -1.274681e+03 -1.315239e+03 -1.304421e+03
-5.701216e+02 -6.083421e+02 -6.091571e+02 -6.334179e+02
-3.468457e+02 -3.330414e+02 -3.099379e+02 -3.181326e+02
-1.645161e+02 -1.167676e+02 -1.596784e+02 -1.614861e+02
-1.102559e+02 -7.020062e+01 -8.192077e+01 -8.329492e+01
-1.025793e+02 -8.072326e+01 -4.807656e+01 -1.659490e+01
-1.117174e+02 -9.080939e+01 -1.029856e+02 -6.127162e+01
-8.658833e+01 -8.243213e+01 -9.013615e+01 -4.211739e+01
-1.851895e+01 -5.307307e+01 -3.809953e+01 -3.574326e+01
-1.085669e+02 -5.072340e+01 -5.132545e+01 -7.386625e+01
-1.133261e+02 -2.389075e+01 -2.478826e+01 -3.004005e+01
-1.985898e+01 -4.896941e+01 -5.401361e+01 -6.745325e+01
5.146023e+01 -1.582548e+01 -2.371036e+01 -5.064116e+01
9.210334e+01 2.541418e+01 2.973687e+01 1.896303e+01
1.362664e+02 1.032505e+02 9.312107e+01 6.648419e+01
4.230535e+01 6.772058e+01 7.326724e+01 6.478705e+01
1.088946e+02 8.752050e+01 1.122679e+02 1.439479e+02
8.878942e+02 8.629686e+02 8.839798e+02 8.889334e+02
2.393946e+03 2.415854e+03 2.423863e+03 2.415195e+03
4.224824e+03 4.223528e+03 4.229272e+03 4.241793e+03
5.993181e+03 5.994750e+03 6.004278e+03 6.002689e+03
7.644455e+03 7.653616e+03 7.645804e+03 7.634919e+03
9.173035e+03 9.162923e+03 9.142009e+03 9.148192e+03
1.053060e+04 1.052240e+04 1.052654e+04 1.052262e+04
1.180053e+04 1.180136e+04 1.180675e+04 1.180150e+04
1.299553e+04 1.300645e+04 1.300244e+04 1.300249e+04
1.412397e+04 1.413536e+04 1.415690e+04 1.415871e+04
1.523035e+04 1.522847e+04 1.524599e+04 1.524635e+04
1.629674e+04 1.628295e+04 1.627190e+04 1.626880e+04
1.728727e+04 1.727143e+04 1.725854e+04 1.725141e+04
1.822123e+04 1.820894e+04 1.818735e+04 1.818002e+04
1.910000e+04 1.910246e+04 1.908660e+04 1.908811e+04
1.995488e+04 1.996960e+04 1.997492e+04 1.998619e+04
2.085070e+04 2.085517e+04 2.087046e+04 2.088842e+04
2.174927e+04 2.174714e+04 2.175791e+04 2.176406e+04
2.263281e+04 2.263208e+04 2.262833e+04 2.263293e+04
2.349525e+04 2.349845e+04 2.349176e+04 2.349190e+04
2.432816e+04 2.433734e+04 2.434220e+04 2.432918e+04
2.512174e+04 2.512662e+04 2.514446e+04 2.513732e+04
2.590998e+04 2.590794e+04 2.591735e+04 2.592783e+04
2.671924e+04 2.670955e+04 2.671406e+04 2.671469e+04
2.747077e+04 2.746137e+04 2.746185e+04 2.745818e+04
2.817477e+04 2.817973e+04 2.816984e+04 2.817161e+04
2.888627e+04 2.890095e+04 2.889197e+04 2.888108e+04
2.962068e+04 2.962070e+04 2.961446e+04 2.961582e+04
3.035716e+04 3.033640e+04 3.032468e+04 3.033107e+04
3.105837e+04 3.104437e+04 3.104639e+04 3.104985e+04
3.175398e+04 3.175652e+04 3.175852e+04 3.175563e+04
3.243936e+04 3.245045e+04 3.244542e+04 3.243354e+04
3.309752e+04 3.310977e+04 3.311402e+04 3.310954e+04
3.374250e+04 3.375490e+04 3.375885e+04 3.376300e+04
3.442855e+04 3.442911e+04 3.444525e+04 3.446225e+04
3.513485e+04 3.513217e+04 3.514185e+04 3.514580e+04
3.580654e+04 3.580365e+04 3.579683e+04 3.579174e+04
3.643270e+04 3.642903e+04 3.643220e+04 3.643525e+04
3.704182e+04 3.704100e+04 3.704254e+04 3.704481e+04
3.767898e+04 3.766736e+04 3.765151e+04 3.764611e+04
3.830065e+04 3.829237e+04 3.827665e+04 3.826136e+04
3.890147e+04 3.890705e+04 3.890510e+04 3.890824e+04
3.950631e+04 3.951658e+04 3.951772e+04 3.953017e+04
4.007797e+04 4.008524e+04 4.009272e+04 4.009691e+04
4.063610e+04 4.063966e+04 4.064807e+04 4.064484e+04
4.120507e+04 4.121119e+04 4.121329e+04 4.120063e+04
4.177636e+04 4.178207e+04 4.177954e+04 4.177171e+04
4.238472e+04 4.237605e+04 4.236154e+04 4.235903e+04
4.299410e+04 4.298152e+04 4.296215e+04 4.296300e+04
4.357076e+04 4.357165e+04 4.357370e+04 4.358642e+04
4.414672e+04 4.415104e+04 4.417270e+04 4.418340e+04
4.472064e+04 4.471571e+04 4.472242e+04 4.472202e+04
4.528660e+04 4.528202e+04 4.527907e+04 4.528247e+04
4.587326e+04 4.587659e+04 4.588138e+04 4.587150e+04
4.646768e+04 4.647085e+04 4.647795e+04 4.646246e+04
4.701560e+04 4.701507e+04 4.701162e+04 4.701476e+04
4.756353e+04 4.755930e+04 4.754528e+04 4.756706e+04
