0.000000e+00 0.000000e+00 0.000000e+00 0.000000e+00
2.518539e+01 2.518318e+01 2.520043e+01 2.520919e+01
5.006504e+01 5.006990e+01 5.009376e+01 5.011119e+01
7.463974e+01 7.464610e+01 7.466651e+01 7.467940e+01
9.889634e+01 9.890497e+01 9.892396e+01 9.892912e+01
1.228270e+02 1.228339e+02 1.228535e+02 1.228456e+02
1.464270e+02 1.464367e+02 1.464455e+02 1.464439e+02
1.697042e+02 1.697134e+02 1.697244e+02 1.697352e+02
1.926608e+02 1.926661e+02 1.926755e+02 1.926858e+02
2.153101e+02 2.153178e+02 2.153272e+02 2.153308e+02
2.376208e+02 2.376346e+02 2.376507e+02 2.376560e+02
2.596273e+02 2.596313e+02 2.596384e+02 2.596398e+02
2.812826e+02 2.812854e+02 2.812939e+02 2.812956e+02
3.025960e+02 3.025946e+02 3.026050e+02 3.026040e+02
3.235771e+02 3.235726e+02 3.235810e+02 3.235866e+02
3.442422e+02 3.442379e+02 3.442379e+02 3.442494e+02
3.645494e+02 3.645597e+02 3.645701e+02 3.645722e+02
3.845633e+02 3.845600e+02 3.845693e+02 3.845705e+02
4.042493e+02 4.042312e+02 4.042217e+02 4.042259e+02
4.235481e+02 4.235419e+02 4.235302e+02 4.235341e+02
4.425043e+02 4.425086e+02 4.424910e+02 4.424835e+02
4.610889e+02 4.611024e+02 4.610847e+02 4.610786e+02
4.793276e+02 4.793438e+02 4.793336e+02 4.793274e+02
4.972221e+02 4.972294e+02 4.972258e+02 4.972227e+02
5.147340e+02 5.147485e+02 5.147420e+02 5.147316e+02
5.318650e+02 5.318903e+02 5.318953e+02 5.318938e+02
5.486312e+02 5.486450e+02 5.486474e+02 5.486493e+02
5.650157e+02 5.650127e+02 5.650102e+02 5.649972e+02
5.810152e+02 5.810056e+02 5.809880e+02 5.809801e+02
5.966107e+02 5.965980e+02 5.965948e+02 5.965901e+02
6.117933e+02 6.117905e+02 6.117933e+02 6.117921e+02
6.265627e+02 6.265740e+02 6.265851e+02 6.265824e+02
6.409356e+02 6.409360e+02 6.409636e+02 6.409774e+02
6.548954e+02 6.548992e+02 6.549214e+02 6.549382e+02
6.684497e+02 6.684483e+02 6.684551e+02 6.684701e+02
6.816248e+02 6.816113e+02 6.815926e+02 6.815856e+02
6.943494e+02 6.943291e+02 6.943198e+02 6.943027e+02
7.066044e+02 7.065935e+02 7.065974e+02 7.065926e+02
7.183894e+02 7.183925e+02 7.184169e+02 7.184317e+02
7.297279e+02 7.297330e+02 7.297541e+02 7.297706e+02
7.406106e+02 7.406201e+02 7.406346e+02 7.406469e+02
7.510183e+02 7.510309e+02 7.510430e+02 7.510464e+02
7.609337e+02 7.609392e+02 7.609619e+02 7.609629e+02
7.703321e+02 7.703439e+02 7.703593e+02 7.703604e+02
7.792166e+02 7.792152e+02 7.792239e+02 7.792332e+02
7.875496e+02 7.875441e+02 7.875348e+02 7.875290e+02
7.952996e+02 7.952966e+02 7.952855e+02 7.952769e+02
8.024543e+02 8.024449e+02 8.024207e+02 8.024168e+02
8.089368e+02 8.089269e+02 8.089032e+02 8.088925e+02
8.147439e+02 8.147442e+02 8.147315e+02 8.147231e+02
8.198366e+02 8.198462e+02 8.198467e+02 8.198324e+02
8.241551e+02 8.241610e+02 8.241680e+02 8.241543e+02
8.276411e+02 8.276461e+02 8.276629e+02 8.276546e+02
8.302432e+02 8.302247e+02 8.302235e+02 8.302130e+02
8.319445e+02 8.319183e+02 8.319048e+02 8.319148e+02
8.328384e+02 8.328400e+02 8.328471e+02 8.328515e+02
8.332276e+02 8.332527e+02 8.332817e+02 8.332803e+02
8.334353e+02 8.334769e+02 8.334848e+02 8.335147e+02
8.335907e+02 8.336014e+02 8.336062e+02 8.336134e+02
8.336075e+02 8.335991e+02 8.336520e+02 8.336837e+02
8.337061e+02 8.336749e+02 8.336919e+02 8.337006e+02
8.337149e+02 8.336837e+02 8.337023e+02 8.337011e+02
8.338230e+02 8.337699e+02 8.337997e+02 8.337647e+02
8.338055e+02 8.337699e+02 8.337967e+02 8.337452e+02
8.338424e+02 8.338255e+02 8.338396e+02 8.338021e+02
8.339192e+02 8.338231e+02 8.338504e+02 8.338225e+02
8.339611e+02 8.338505e+02 8.338656e+02 8.338336e+02
8.339400e+02 8.338743e+02 8.339070e+02 8.338931e+02
8.339072e+02 8.338671e+02 8.338904e+02 8.338866e+02
8.338436e+02 8.338477e+02 8.338758e+02 8.338733e+02
8.337645e+02 8.337590e+02 8.337929e+02 8.338170e+02
8.337993e+02 8.337768e+02 8.337991e+02 8.338054e+02
8.336505e+02 8.336673e+02 8.336754e+02 8.336663e+02
8.328698e+02 8.328734e+02 8.328737e+02 8.328748e+02
8.311444e+02 8.311382e+02 8.311379e+02 8.311379e+02
8.284469e+02 8.284519e+02 8.284462e+02 8.284342e+02
8.248703e+02 8.248625e+02 8.248522e+02 8.248538e+02
8.204441e+02 8.204395e+02 8.204420e+02 8.204414e+02
8.152673e+02 8.152701e+02 8.152816e+02 8.152768e+02
8.094199e+02 8.094239e+02 8.094220e+02 8.094255e+02
8.029136e+02 8.029155e+02 8.029214e+02 8.029221e+02
7.958152e+02 7.958077e+02 7.958101e+02 7.958136e+02
7.881275e+02 7.881176e+02 7.881009e+02 7.880997e+02
7.798709e+02 7.798654e+02 7.798495e+02 7.798525e+02
7.710669e+02 7.710713e+02 7.710663e+02 7.710683e+02
7.617733e+02 7.617844e+02 7.617819e+02 7.617925e+02
7.519915e+02 7.520089e+02 7.520264e+02 7.520361e+02
7.417780e+02 7.417865e+02 7.418006e+02 7.418096e+02
7.311013e+02 7.311032e+02 7.311152e+02 7.311131e+02
7.199499e+02 7.199538e+02 7.199519e+02 7.199420e+02
7.083325e+02 7.083366e+02 7.083374e+02 7.083288e+02
6.962562e+02 6.962608e+02 6.962628e+02 6.962482e+02
6.837359e+02 6.837367e+02 6.837444e+02 6.837357e+02
6.707876e+02 6.707826e+02 6.707796e+02 6.707786e+02
6.574366e+02 6.574323e+02 6.574213e+02 6.574201e+02
6.436631e+02 6.436603e+02 6.436474e+02 6.436354e+02
6.294649e+02 6.294707e+02 6.294550e+02 6.294532e+02
6.149047e+02 6.149116e+02 6.148983e+02 6.148901e+02
5.999694e+02 5.999701e+02 5.999647e+02 5.999610e+02
5.846644e+02 5.846560e+02 5.846520e+02 5.846552e+02
5.689603e+02 5.689609e+02 5.689621e+02 5.689569e+02
5.528842e+02 5.528976e+02 5.529058e+02 5.529024e+02
5.364461e+02 5.364613e+02 5.364604e+02 5.364516e+02
5.196418e+02 5.196524e+02 5.196586e+02 5.196582e+02
5.024861e+02 5.024898e+02 5.024941e+02 5.024978e+02
4.849928e+02 4.849907e+02 4.849924e+02 4.849966e+02
4.671619e+02 4.671526e+02 4.671528e+02 4.671521e+02
4.489504e+02 4.489477e+02 4.489325e+02 4.489190e+02
4.303801e+02 4.303736e+02 4.303637e+02 4.303589e+02
4.114654e+02 4.114657e+02 4.114577e+02 4.114495e+02
3.922396e+02 3.922370e+02 3.922237e+02 3.922157e+02
3.726873e+02 3.726884e+02 3.726788e+02 3.726682e+02
3.527944e+02 3.528039e+02 3.528073e+02 3.528049e+02
3.325913e+02 3.326011e+02 3.326079e+02 3.326134e+02
3.120695e+02 3.120731e+02 3.120785e+02 3.120729e+02
2.912331e+02 2.912322e+02 2.912378e+02 2.912302e+02
2.701129e+02 2.701089e+02 2.701065e+02 2.700964e+02
2.486922e+02 2.486876e+02 2.486844e+02 2.486801e+02
2.269763e+02 2.269659e+02 2.269613e+02 2.269645e+02
2.049576e+02 2.049470e+02 2.049464e+02 2.049504e+02
1.826048e+02 1.826035e+02 1.826141e+02 1.826199e+02
1.599481e+02 1.599507e+02 1.599704e+02 1.599735e+02
1.369917e+02 1.369894e+02 1.369978e+02 1.369904e+02
1.137320e+02 1.137301e+02 1.137271e+02 1.137190e+02
9.017473e+01 9.017767e+01 9.017906e+01 9.017201e+01
6.632261e+01 6.632544e+01 6.632559e+01 6.631391e+01
4.215117e+01 4.215061e+01 4.214700e+01 4.215028e+01
1.767676e+01 1.767627e+01 1.766898e+01 1.767352e+01
-7.068293e+00 -7.068293e+00 -7.068293e+00 -7.068293e+00
